City,Business Name,Address,Phone,Email,Website,Image URL,Google Rating,Review Count,Google Maps URL,HomePowerRebate Recommended,Notes,Last Updated
Denver,Solar RNR,"4771 Fox St, Denver, CO 80216, USA",(720) 410-5554,office@solarrnr.com,https://solarrnr.com/,https://lh3.googleusercontent.com/grass-cs/ACvplmPB3L3cryWREhMC3sssGeqmLmjPRGRPNQKkWdkPm7Eczw3YsTSXfP5b1Z9yZMaH0aEVazSRf8Y2tbhP8QPXbejgjACNSnd6SmvrN2VHSZUzB4TkspOGjZFx0a85Skx1tGkxkEwuG8RrEXp9=s4800-w640,5,305,https://maps.google.com/?cid=4501634823253567134&g_mp=Cidnb29nbGUubWFwcy5wbGFjZXMudjEuUGxhY2VzLlNlYXJjaFRleHQQAhgEIAA,Yes,,2026-09-28
Denver,Best Roof and Solar,"14143 Denver W Pkwy Ste 112, Golden, CO 80401, USA",(720) 445-3978,contact@bestroofandsolar.com,https://www.bestroofandsolar.com/?utm_source=GBP,https://lh3.googleusercontent.com/grass-cs/ACvplmPqLsB_6hTpYDEJ8gs3y-cfN8IAdSqN3plp4vxkmTO_xKATMskXNr_-nhgrhPeuZ8yQh5tokX0Xk4YAIBe0uvrt0UPDOvp2g1Kn67sc6OXJLICYdqdhUgBKTF1QaV6yhyW5nUSVpw=s4800-w640,5,174,https://maps.google.com/?cid=15769066217042779017&g_mp=Cidnb29nbGUubWFwcy5wbGFjZXMudjEuUGxhY2VzLlNlYXJjaFRleHQQAhgEIAA,No,,2026-09-28
Denver,ARE Solar,"1155 S Tejon St, Denver, CO 80223, USA",(720) 706-2773,,https://aresolar.com/,https://lh3.googleusercontent.com/grass-cs/ACvplmNmpCfN0MoY7Ny4Q4DKHjQmbhoayx-fsHdFZ_15AV_QsRM8qyuCtalZsu8V-62ajy-_NqEk-cTfPtw6O_0qBiPYmDvSRQUjOFoQN7A1kLrpe5mAsjwy3F_Ll8bgxAzvAwBCoNqEMA=s4800-w640,5,153,https://maps.google.com/?cid=12970427228011063823&g_mp=Cidnb29nbGUubWFwcy5wbGFjZXMudjEuUGxhY2VzLlNlYXJjaFRleHQQAhgEIAA,No,,2026-09-28
Denver,MH Electrical and Solar,"2806 Speer Blvd, Denver, CO 80211, USA",(303) 915-0914,,http://www.mhelectricalandsolar.com/,https://lh3.googleusercontent.com/grass-cs/ACvplmPEwhS7yrOHCQIM9HRVYW57DupoQVuXeDVg03WeYv1KLpkMWa_ayCedUIVZ41IY2MKSMRxCTeUL4CAPEASWMHr8nVYI2znFWiS1mVTAhUeHkvGvy_iLtCmTmIsKnOqltrnqj4xxeQ=s4800-w640,5,90,https://maps.google.com/?cid=145313812227758914&g_mp=Cidnb29nbGUubWFwcy5wbGFjZXMudjEuUGxhY2VzLlNlYXJjaFRleHQQAhgEIAA,No,,2026-09-28
Denver,Upslope Solar,"1312 17th St, Denver, CO 80202, USA",(303) 223-2525,miles@upslopesolar.com,https://upslopesolar.com/contact-us/,https://lh3.googleusercontent.com/grass-cs/ACvplmMXLR1v7QJTy__6tfdi957QPtyHZ7SQ3PsAGRFi6yOnIagk35-mbfSDh0Agd4Rm4Ox3g2eZonVUOm1JVYkC44BspuSlZ1eYYnu5ANgUPIIf_87PkXnUAc_cMnawkHk1V40KwlXj=s4800-w640,5,74,https://maps.google.com/?cid=12393112571496563999&g_mp=Cidnb29nbGUubWFwcy5wbGFjZXMudjEuUGxhY2VzLlNlYXJjaFRleHQQAhgEIAA,No,,2026-09-28
Denver,Namaste Solar,"888 Federal Blvd, Denver, CO 80204, USA",(303) 558-6159,,https://www.namastesolar.com/,https://lh3.googleusercontent.com/grass-cs/ACvplmN_BQsOlTzaSboM7v4wdIWWs6iIt919A6ruifadFsCEZ48EVekKwUr1GMrTbs3jz6p-EiCLoItWxb3RwbCErQ55mkE_OHl_S2siqjcRiifX_CkIGEwIwTufTTXcNPZzDf1g2aI5=s4800-w640,4.9,344,https://maps.google.com/?cid=2425589127412977941&g_mp=Cidnb29nbGUubWFwcy5wbGFjZXMudjEuUGxhY2VzLlNlYXJjaFRleHQQAhgEIAA,No,,2026-09-28
Denver,Solar Wave,"2301 Blake St Ste 100, Denver, CO 80205, USA",(720) 730-4129,steven@thesolarwave.com,https://www.thesolarwave.com/,https://lh3.googleusercontent.com/grass-cs/ACvplmPf5cGoqQKuAUBuFXfo1Dq5gRGlDUPIxfazAfdC0P1CxjV5SQVSqFJ41iSaJ3ToKn39UMlM3yv8xF4ewuHqxBXtAd641QaUZdfmhAkttH5jRNCPTVrZSfxa9Z8clnK3rH3qRGLrEg=s4800-w640,5,69,https://maps.google.com/?cid=9895236535211660839&g_mp=Cidnb29nbGUubWFwcy5wbGFjZXMudjEuUGxhY2VzLlNlYXJjaFRleHQQAhgEIAA,No,,2026-09-28
Denver,SolarReviews,"1401 17th St, Denver, CO 80202, USA",(877) 331-4545,john.doe@gmail.com,https://solarreviews.com/,https://lh3.googleusercontent.com/grass-cs/ACvplmNXC_y5Ime8_oSztXeJGnm2rByf-ABOctKQbMZnPizqYM9WseAqclt8DM5ZVsczZY9GOpB-bTq7yewtZ-O0Um3IPzy_OvNGNGFY6Cd0qsHYA8_hZ4_AONuu9lV2GJGUfhDemPEL=s4800-w640,4.8,662,https://maps.google.com/?cid=17110399200471775559&g_mp=Cidnb29nbGUubWFwcy5wbGFjZXMudjEuUGxhY2VzLlNlYXJjaFRleHQQAhgEIAA,No,,2026-09-28
Denver,Apex Solar Solutions,"201 Milwaukee St Unit 200, Denver, CO 80206, USA",(720) 207-9625,info@apexsolarsolutions.com,https://www.apexsolarsolutions.com/,https://lh3.googleusercontent.com/grass-cs/ACvplmOlQ61LBj7smLE89BsPzNbvcIeWqWYF0kPsXH6zfw5yk0VH42qOt5qYPXXxPURWxiLJRt_Ifj19vVHhbbZN0v6cChT3SJm14U0fm-2MA59ZNiFePeCo2c2gE7CNAF_37rdqOfH2=s4800-w640,4.8,207,https://maps.google.com/?cid=11726514743988085529&g_mp=Cidnb29nbGUubWFwcy5wbGFjZXMudjEuUGxhY2VzLlNlYXJjaFRleHQQAhgEIAA,No,,2026-09-28
Denver,"Go Green Electric, Inc","1050 Yuma St Ste 200, Denver, CO 80204, USA",(303) 731-5198,info@gogreenelectric.com,https://www.gogreenelectricinc.com/,https://lh3.googleusercontent.com/grass-cs/ACvplmNlR2OlvJu3cor4UydWuis9LRkbzOiM5OSNqih6waApPDVku-_eG3FCc3y_heaOXTooayPxn6rDCrBg2aWrK74pIyk_054mt584qZtF0dkflWymTbXyAyfcOLfO47OMgZcjwO1saA=s4800-w640,5,26,https://maps.google.com/?cid=2934116494265915279&g_mp=Cidnb29nbGUubWFwcy5wbGFjZXMudjEuUGxhY2VzLlNlYXJjaFRleHQQAhgEIAA,No,,2026-09-28
Denver,Colorado Energy Experts,"1580 Logan St 6th Floor, Denver, CO 80203, USA",(970) 212-9779,help@coloradoenergyexperts.com,http://coloradoenergyexperts.com/,https://lh3.googleusercontent.com/grass-cs/ACvplmOqGeCvB4TRkArisPbPGDOmKBPLBb8plVg5gWR7feIGzCztGSS1543uufMUskJ4SwNalyMCXQrxxSv31cFFfQP9BTfg2Fx2xjgtT5W5ubwk0_n8JQ9fUPcrEymwtYRPb8msgxje=s4800-w640,4.8,86,https://maps.google.com/?cid=7304960743004903810&g_mp=Cidnb29nbGUubWFwcy5wbGFjZXMudjEuUGxhY2VzLlNlYXJjaFRleHQQAhgEIAA,No,,2026-09-28
Colorado Springs,The Electric Way,"3431 N Prospect St, Colorado Springs, CO 80907, USA",(719) 231-7249,info@theelectricway.com,https://theelectricway.com/?utm_source=google&utm_medium=organic&utm_campaign=GMB,https://lh3.googleusercontent.com/grass-cs/ACvplmMyF9KOtozyPplNq8UFUlIvPTdXZKyD7rXu5fXc3GMmck5dQ4IDlc8JmTq71noYZxQmlLeM2XjDgNUb-Yyv8YNsyCs-EtTLpcbvgyjGjGmuL1f9t-D5s5oaYtIBpEASVNenhCUxIg=s4800-w512,5,880,https://maps.google.com/?cid=15328466841078542934&g_mp=Cidnb29nbGUubWFwcy5wbGFjZXMudjEuUGxhY2VzLlNlYXJjaFRleHQQAhgEIAA,Yes,,2026-09-28
Colorado Springs,Solar Guard,"78 Audubon Dr, Colorado Springs, CO 80910, USA",(719) 359-9727,service@solarguardco.com,http://www.solarguardco.com/,https://lh3.googleusercontent.com/grass-cs/ACvplmObYMqhI5bFQuXZs7y-MVbIMTMDnW10WKH9dDhdDu8cmWd9MVPWTfa-cSOLuORm1-j2EvAvDQnv02eG_2YJdy_-Qx0hP32BF_VCReVQ3yxIC57HEkPeI4rCQNQVCibsI5NyUeZRurIh-V6w=s4800-w640,5,70,https://maps.google.com/?cid=7088751515961089540&g_mp=Cidnb29nbGUubWFwcy5wbGFjZXMudjEuUGxhY2VzLlNlYXJjaFRleHQQAhgEIAA,No,,2026-09-28
Colorado Springs,National Solar Solutions,"6645 Delmonico Dr #200, Colorado Springs, CO 80919, USA",(719) 399-0551,info@nationalsolar.us,http://nationalsolar.us/,https://lh3.googleusercontent.com/grass-cs/ACvplmNTVuWvyRvdVpRSQ7wtU6v-H3QxYqKTtFAM4dmYtTgdyItmTrtH44OwKiTAO9UA-zYgS3R3NO5WbMmrNGqbAbx-584U9Oe_6YPIuU298bRbxuvlk1X-i2US8JSlnCxY04walGaO=s4800-w640,4.9,98,https://maps.google.com/?cid=7838925990108102906&g_mp=Cidnb29nbGUubWFwcy5wbGFjZXMudjEuUGxhY2VzLlNlYXJjaFRleHQQAhgEIAA,No,,2026-09-28
Colorado Springs,Solar Design of Colorado,"4655 Town Center Dr, Colorado Springs, CO 80916, USA",(719) 322-8891,solardesign@myctl.net,https://solardesignofcolorado.com/,https://lh3.googleusercontent.com/grass-cs/ACvplmM6xAbT8LNELvVX_lcINUSYD5_hUEOqmJIKRgN0JgydR7ZCMMv-ZjvgltvisAxs0Wr_Qa9SGtk2iZ5ykE_mNaQ9CLFYOV-WTQqYVnCgjGaSRlkd-oLXSPLoeCc7JydpceleF1Jk6Q=s4800-w640,5,34,https://maps.google.com/?cid=13203152222033818476&g_mp=Cidnb29nbGUubWFwcy5wbGFjZXMudjEuUGxhY2VzLlNlYXJjaFRleHQQAhgEIAA,No,,2026-09-28
Colorado Springs,Triton Solar,"65 Commerce St #120, Colorado Springs, CO 80907, USA",(719) 418-2192,cos@tritonsolarco.com,http://www.tritonsolarco.com/,https://lh3.googleusercontent.com/grass-cs/ACvplmP4v6oAdNOP53U0Bt5OhoIzpTlmMbS90Ziki3AistYtQRN1y15QxoHZyRQFWfg_4C3R1dGMYILIlZehChxgUVXONRULck0-Umo9Y5HwFV-k6drcU70KOkah3jfVpQ5Vo_JIC15QajZ9FW2h=s4800-w640,5,33,https://maps.google.com/?cid=9497568566218821284&g_mp=Cidnb29nbGUubWFwcy5wbGFjZXMudjEuUGxhY2VzLlNlYXJjaFRleHQQAhgEIAA,No,,2026-09-28
Colorado Springs,WHITE RHINO ELECTRIC,"5930 Paonia Ct, Colorado Springs, CO 80915, USA",(719) 632-3232,ryan@whiterhinoelectric.com,https://www.whiterhinoelectric.com/,https://lh3.googleusercontent.com/grass-cs/ACvplmMxdbXi0AdjBY9gPnNlm8k24WrLh7IUNo-XNtQebOPkunfHuG_5SGGO40T-mAkXaM-mWuVOYu4U5Kr3gvOK44oODZlSSmLGp_rtu4KFx67gJv48EUufabW85b565YrLOBCxC9CFJ39KwWk=s4800-w640,4.8,236,https://maps.google.com/?cid=5132992236214058488&g_mp=Cidnb29nbGUubWFwcy5wbGFjZXMudjEuUGxhY2VzLlNlYXJjaFRleHQQAhgEIAA,No,,2026-09-28
Colorado Springs,Solarise Solar,"2936 Janitell Rd, Colorado Springs, CO 80906, USA",(719) 315-3034,,https://www.solarisesolar.com/,https://lh3.googleusercontent.com/grass-cs/ACvplmM6KH4IZJm4-rurqdL-QsXjMBNRODZK1femYD75pLQxPLyw3XuM-lp-qRY4FFy7MQFuj5Lj550QF8_Rx8jt1jc-7hjuAHcpyCVREHN-EqsAHEH48wtDIc2n3Kfi3fN9MXDhrGAbfw=s4800-w640,4.7,473,https://maps.google.com/?cid=15548584531344223502&g_mp=Cidnb29nbGUubWFwcy5wbGFjZXMudjEuUGxhY2VzLlNlYXJjaFRleHQQAhgEIAA,No,,2026-09-28
Colorado Springs,Solar Made,"2807 N Prospect St, Colorado Springs, CO 80907, USA",(719) 635-5125,sales@solarmade.com,http://www.solarmade.com/,https://lh3.googleusercontent.com/grass-cs/ACvplmMmH-Bf1ZLZ4YcEswG53Sz_FXLRFRd1FXPaX6AInLCLUydaUQex7LojOgNetEOI_j4lcq2o_ZCy9uUofDeFPjGPLcSMO_xRC5BarD9Qa4oQzLedBV08EIElFAX_jBi1FG6udQJP=s4800-w640,4.9,14,https://maps.google.com/?cid=10086534921148871478&g_mp=Cidnb29nbGUubWFwcy5wbGFjZXMudjEuUGxhY2VzLlNlYXJjaFRleHQQAhgEIAA,No,,2026-09-28
Aurora,Positively Charged Electric,"6105 S Main St #200, Aurora, CO 80016, USA",(720) 327-4525,jason@positivelychargedelectric.com,https://www.positivelychargedelectric.com/?utm_source=Google&utm_medium=Organic,https://lh3.googleusercontent.com/grass-cs/ACvplmPNy2ERjYfGHL23RNjowhreGgG_IpqUqObRLAdCalB_fJfa6iQqfl4r_MtAU5WSR-UNj4tsKhaMSI-k2VlPVuvaBJojzKe5JYlKLe6cr2hajqWKlUhwJQMUoyRDEoRwiVukpD1X=s4800-w640,5,556,https://maps.google.com/?cid=10553128113126934009&g_mp=Cidnb29nbGUubWFwcy5wbGFjZXMudjEuUGxhY2VzLlNlYXJjaFRleHQQAhgEIAA,Yes,,2026-09-28
Aurora,Remove and Replace Solar,"2821 S Parker Rd Ste 585, Aurora, CO 80014, USA",(720) 710-1995,office@rrsolar.com,https://www.rrsolar.com/,https://lh3.googleusercontent.com/grass-cs/ACvplmPyT6cleCQolMJWI2Ug8kxjtZBVheSBM7qO7QN3BqsBLWKrHa55yMfk3VCD9-QEr3Ccu_gpTIR4wSRT4lapVknGjjgdKqhqX4iShafAmSST8J1UODqEKn2XEU2n7d4FHVmGu5ZPCw=s4800-w640,4.7,111,https://maps.google.com/?cid=10632438526747152676&g_mp=Cidnb29nbGUubWFwcy5wbGFjZXMudjEuUGxhY2VzLlNlYXJjaFRleHQQAhgEIAA,No,,2026-09-28
Aurora,Tesla Energy - Colorado,"14800 E 35th Pl #100, Aurora, CO 80011, USA",(877) 373-7652,,https://www.tesla.com/solarpanels?utm_source=gmb_listing&utm_medium=organic&utm_content=tesla_solar&utm_campaign=te_colorado,https://lh3.googleusercontent.com/grass-cs/ACvplmNevBk2a4jyX5cZVj3R8xjelhBEwhH37XXV8LT0vEab6QRYOEm0Fr3jV4pebhO8mnCzQvIPIHWTjlcSEmP08rFkzXQBUmC5v2JYDFf83fqJtm8XosCoxzpxeMQdc5eAA0EyLCPo3Fkp6c8=s4800-w640,4.5,21,https://maps.google.com/?cid=11304678803771635718&g_mp=Cidnb29nbGUubWFwcy5wbGFjZXMudjEuUGxhY2VzLlNlYXJjaFRleHQQAhgEIAA,No,,2026-09-28
Fort Collins,Sandbox Solar,"112 Racquette Dr Unit C, Fort Collins, CO 80524, USA",(970) 673-7733,sales@sandboxsolar.com,http://www.sandboxsolar.com/,https://lh3.googleusercontent.com/grass-cs/ACvplmN4f-122iYRAImKiMgN5Hk0Ae4Zd_2mH1Ov63rOBK45CH7tVEzAFYdU0UihtjJkM7zi3Otg8HkWkHjUpLglnRui8TMb6wB6adNQwKrgx6T1fqfnYjsmIDA0qFtSRODntDYS_cTBx-TEFbRd=s4800-w640,4.9,279,https://maps.google.com/?cid=9396035469206444587&g_mp=Cidnb29nbGUubWFwcy5wbGFjZXMudjEuUGxhY2VzLlNlYXJjaFRleHQQAhgEIAA,Yes,,2026-09-28
Fort Collins,"Luminous Electric, Heating, & Cooling","242 Linden St, Fort Collins, CO 80524, USA",(720) 282-1790,,https://www.luminouselectricco.com/,https://lh3.googleusercontent.com/grass-cs/ACvplmN13z2Q4dQc2t-EpQjDulFGokU8-3b1vfTf_GjnL_pd7noEevut-yY8gaxS9hCUcbIY7djO1kuKjzpDx6B4wkMrVbHX12TGTzcS7-z4WZ8GG-OxSDt6YEVQ4SJbCpmMo7jx_zfO=s4800-w640,4.9,213,https://maps.google.com/?cid=15806728062248605806&g_mp=Cidnb29nbGUubWFwcy5wbGFjZXMudjEuUGxhY2VzLlNlYXJjaFRleHQQAhgEIAA,No,,2026-09-28
Fort Collins,Collins Control & Electrical Inc.,"2649 E Mulberry St Ste 16, Fort Collins, CO 80524, USA",(970) 484-8696,,https://collins-control.com/,https://lh3.googleusercontent.com/grass-cs/ACvplmOBoefWPjTtfLe_bNqT0IfcJTPehZ5RBGAdB7TyaJr3Ma-pegOjzbefTkt5ByyJDLU5eo6r6-9YZMsPzSWTdaiIj5gcdakmMghosX-fHK-jOCwWQEbVe9pbcHnPmW2KSeYzA_hC=s4800-w640,5,39,https://maps.google.com/?cid=10332079192256253626&g_mp=Cidnb29nbGUubWFwcy5wbGFjZXMudjEuUGxhY2VzLlNlYXJjaFRleHQQAhgEIAA,No,,2026-09-28
Fort Collins,Solar Pathways Energy & Electrical,"155 Boardwalk Dr Unit 507, Fort Collins, CO 80525, USA",(970) 449-6270,sales@solarpathways.com,http://www.solarpathways.com/,https://lh3.googleusercontent.com/grass-cs/ACvplmPaEqWJfog45nntF8tqWoLOpn_zrEMn7kFfVSM8AiGIsk1R_mnYUxIOqmrMwcdTLsQdU41eLlA40x8LqUkl5JTuilDdZ4sas62YAG4cerG8CO-RpmapCPRFh0e9BZ9KZylCnA7d=s4800-w640,5,37,https://maps.google.com/?cid=6771600005370270019&g_mp=Cidnb29nbGUubWFwcy5wbGFjZXMudjEuUGxhY2VzLlNlYXJjaFRleHQQAhgEIAA,No,,2026-09-28
Fort Collins,Titus Electrical Services,"2001 S Shields St Unit H104, Fort Collins, CO 80526, USA",(970) 294-3111,,https://www.tituselectricians.com/?utm_source=google&utm_medium=organic&utm_campaign=fort-collins-gbp,https://lh3.googleusercontent.com/grass-cs/ACvplmMxWwi3C-uBMKa1mqk5jEqNwiVSd-iDahARdmrhQunWkE9XkZmJq74ETmN3ZYdRUvkrlTHAkJp70hNpIzMV318ac4q0mcAIjkUXjgObohAm-R3B15QTV7UH_MjtoAK8Fwc1x4Lcm2k41rBf=s4800-w640,4.8,296,https://maps.google.com/?cid=1000281466702253308&g_mp=Cidnb29nbGUubWFwcy5wbGFjZXMudjEuUGxhY2VzLlNlYXJjaFRleHQQAhgEIAA,No,,2026-09-28
Fort Collins,King Electric,"2580 E Harmony Rd Ste 301-22, Fort Collins, CO 80528, USA",(970) 829-5464,o.v.uro.p.a.pa9.9.6@gmail.com,https://kingelectricllc.com/?utm_source=local&utm_medium=organic&utm_campaign=gmb,https://lh3.googleusercontent.com/grass-cs/ACvplmN4eYPd-hyZn9g8ecX6082NE7bhvZ5fpPGph1SztP-fSXZWwuuCRE0ahPXjz4y8meWw0E6P046Ab6rLI5nh4hriTGQMOH7LVEJxbqRv2DX_0NlL52Yk4RA4RYd1bJ3xEfH4ICcR=s4800-w442,4.8,161,https://maps.google.com/?cid=13937261495393971097&g_mp=Cidnb29nbGUubWFwcy5wbGFjZXMudjEuUGxhY2VzLlNlYXJjaFRleHQQAhgEIAA,No,,2026-09-28
Fort Collins,"Alt E Wind & Solar, Ltd.","734 Elk Ranch Ln, Fort Collins, CO 80524, USA",,,https://www.altewindandsolar.com/,https://lh3.googleusercontent.com/grass-cs/ACvplmNNBmDmfXV9m_a4NNkfy3Ye-lPgsW7sLotiZUUJhTGmFE1Yj5lrDgbp9Qu8mzPJ5gXLAGirdJ-a2ckt03remGDur8LbpBrGXaekqkzXwfUAbyigB1OHhA_GUcLs3oX01tkGU4b0vg=s4800-w640,4.8,53,https://maps.google.com/?cid=16424930043383693350&g_mp=Cidnb29nbGUubWFwcy5wbGFjZXMudjEuUGxhY2VzLlNlYXJjaFRleHQQAhgEIAA,No,,2026-09-28
Fort Collins,"Solargize, LLC","2580 E Harmony Rd Ste 201-51, Fort Collins, CO 80528, USA",(719) 293-7643,info@solargizeusa.com,http://www.solargizeusa.com/,https://lh3.googleusercontent.com/grass-cs/ACvplmN070jOI4EP9GMvqirv7vOHWlOWKnmLxhcOGi97mF09pd352CMsmCoV9Rnq-zUdpZE3axjyceod3Pe2oPyAUxV-5qd5xGah-DEV4O0GesvmAM2tox7B7lxbyaKMyMoO-FQsnilS=s4800-w600,4,21,https://maps.google.com/?cid=7092502827840480897&g_mp=Cidnb29nbGUubWFwcy5wbGFjZXMudjEuUGxhY2VzLlNlYXJjaFRleHQQAhgEIAA,No,,2026-09-28
Boulder,Mr. Electric of Boulder,"1495 Canyon Blvd Suite 226, Boulder, CO 80302, USA",(720) 615-1248,,https://www.mrelectricboulder.com/,https://lh3.googleusercontent.com/grass-cs/ACvplmOyg2z-x5woXhcj5ejtgv-y8DBMevba3-OSOslr0KwqPNE_LGNnuTnQbCt9WSG0-A1tLYm8OD2iMIbBT04NIyOunNlcShkVwiKlOSRURQwVWlRTVkdqwTqFgFEAHmEgL-zeF5wS5_9e5Qs=s4800-w640,4.9,148,https://maps.google.com/?cid=13794077335625582532&g_mp=Cidnb29nbGUubWFwcy5wbGFjZXMudjEuUGxhY2VzLlNlYXJjaFRleHQQAhgEIAA,Yes,,2026-09-28
Boulder,Evolve Solar & Radiant Heat,"1631 6th St, Boulder, CO 80302, USA",(303) 502-4404,info@evolvesolarandheat.com,http://www.evolvesolarandheat.com/,https://lh3.googleusercontent.com/grass-cs/ACvplmPxEIlOLYVqZiVJ--nxQ2pdLLyTC9uqxKPJnrZ8wsVPH8tBBis7YcdvOpM7vZCDKysyJwK5F4LFZvMhUlh0m1Y2I-FIcXRTwok21XCcFcY5AchiL-JMOIp_WGSf3AVxInk23WdN3IVOe0wQ=s4800-w640,5,23,https://maps.google.com/?cid=13941609186857151231&g_mp=Cidnb29nbGUubWFwcy5wbGFjZXMudjEuUGxhY2VzLlNlYXJjaFRleHQQAhgEIAA,No,,2026-09-28
Boulder,Aqua Care Solar LLC,"1880 S Flatiron Ct Unit g, Boulder, CO 80301, USA",(303) 589-4428,office@aquacaresolar.com,http://www.aquacaresolar.com/,https://lh3.googleusercontent.com/grass-cs/ACvplmOxX4HYiEQ6TC2IN6O42TnDgEdK4pvt4q80Zn9-N7w3EX7nzbKWi7phA_FxIYOp5kT7tqsXTszfuG8VJSM_lD1xygXfNednyzB0OMdLb5qqKoWeDIumevL_DAPNqq6HZwg9WH085A=s4800-w640,4.9,30,https://maps.google.com/?cid=8715906844547980515&g_mp=Cidnb29nbGUubWFwcy5wbGFjZXMudjEuUGxhY2VzLlNlYXJjaFRleHQQAhgEIAA,No,,2026-09-28
Boulder,The Solar Revolution,"5723 Arapahoe Rd #1a, Boulder, CO 80303, USA",(303) 815-9360,,https://www.thesolarrevolution.com/,https://lh3.googleusercontent.com/grass-cs/ACvplmMG8B47ZU1I2GTT0hsGR3PzqXaPH4Ze5xj8qlYLLYJ4N3xqw2IJ9YiTIfmqzn6qlro-TI2wWxrYczPKLix8qiyv0m5riOxFJ_hGqnTorzhUT6WBqrKBdl5eOvT1zfb0czHtVizu=s4800-w640,4.7,29,https://maps.google.com/?cid=4196791947495349340&g_mp=Cidnb29nbGUubWFwcy5wbGFjZXMudjEuUGxhY2VzLlNlYXJjaFRleHQQAhgEIAA,No,,2026-09-28
Boulder,Custom Solar,"2840 Wilderness Pl, Boulder, CO 80301, USA",(303) 859-8597,,http://www.customsolar.us/,https://lh3.googleusercontent.com/grass-cs/ACvplmPW3V1sCzlIlaFBbTm43Me4gjjaBFBfV1s2i4GbeybpTYLhOqjWzXheWaJdJLXnIwGHdQQpl46ztr3sEm7vups4U0XEBSFaM4HcHyQrl4Ss9vG2SdktH99xCLAOSCow0el9bxp-=s4800-w640,4.6,29,https://maps.google.com/?cid=4834728134321439451&g_mp=Cidnb29nbGUubWFwcy5wbGFjZXMudjEuUGxhY2VzLlNlYXJjaFRleHQQAhgEIAA,No,,2026-09-28
Boulder,American Solar Energy Society,"2525 Arapahoe Ave Ste E4-253, Boulder, CO 80302, USA",(303) 443-3130,sales@ases.org,http://www.ases.org/,https://lh3.googleusercontent.com/grass-cs/ACvplmMszrm_WaAvnFRhEaq8S5OQMJLDYg_DRDTgUp8JFCdwOfe8J223UkpSy_1PgBu-dGCpQ1Nl7GKuiGbfHiCewu_vlXRrfNPPjFzpbnKQ6GZlHCQEtNu7TJ5lvH51ta_pg7nR3qSs=s4800-w640,4.3,18,https://maps.google.com/?cid=3124691040003721370&g_mp=Cidnb29nbGUubWFwcy5wbGFjZXMudjEuUGxhY2VzLlNlYXJjaFRleHQQAhgEIAA,No,,2026-09-28
